BRANCH_MLP v1
2
# layer 0
22 32 relu
0.29121038 -0.28556533 -0.6264631 -0.065956435 0.65726561 0.25714659 -0.084594746 -0.094213748 0.24268638 -0.24161727 0.1052916 -0.48111837 -0.38653138 0.18073208 0.15755518 0.31427835 0.62750116 0.3827215 0.30702808 -0.6315686 -0.74235337 -0.31412027 0.60731123 -0.39291931 -0.50122743 -0.0090166581 -0.18324515 -0.23622163 0.40328618 -0.05189219 0.69660532 -0.02704506 -0.039221577 0.11314871 0.56307873 0.15353507 -0.4719343 0.2529347 -0.14958172 0.11135542 0.45842802 -0.35058782 0.12044451 -0.25097601 -0.11236033 -0.093143266 -0.77875882 0.52535926 -0.28839377 0.04053777 0.4351483 -0.14503022 0.52617811 -0.31674275 0.64731009 0.61164238 -0.51409577 -0.37793828 -0.3578066 0.45018322 -0.068457423 0.22157773 0.0733842 0.67593849 -0.42628952 -0.018915114 -0.22949311 -0.36511718 -0.20465475 -0.12247373 -0.20751852 0.3561477 0.05263036 0.16030807 0.40335626 -0.13721903 -0.042670206 -0.18503533 -0.31486027 -0.26249983 -0.06493818 -0.22397824 0.70185164 0.12786517 -0.50315434 -0.15881457 -0.000219665 0.17149979 -0.10700263 -0.070156135 0.039333129 0.016678238 0.34842968 0.060983472 -0.05977415 -0.19491761 -0.014931545 -0.46009915 0.48061634 0.48550791 -0.28793946 -0.60730102 -0.11517671 0.28075464 -0.18803453 0.11417438 -0.067668471 0.39634686 -2.1325323 0.059432269 -0.15691192 -0.66763536 -0.47129301 0.47398005 0.024404979 0.63519258 -0.003878647 0.16310001 0.16509089 0.21310912 -0.038597226 0.334066 -0.49973649 0.12867108 -0.22465582 -0.54132816 -0.2871207 0.47061051 0.6230689 0.12929353 -0.24021329 -1.2392211 0.0720702 0.5381657 0.10282818 0.032508184 -0.042509063 -0.29793804 0.015279303 -0.25837136 -0.26052675 0.34459099 0.34920624 0.55810692 -0.16420594 -0.049412718 -0.065882648 -0.49916825 -0.21873311 0.34562246 0.63063023 0.345998 -0.89604495 0.65810599 -0.54206586 -0.51450987 -0.42446443 0.29241282 -0.37355006 0.62789905 0.67518707 -0.14207887 -0.11694516 -0.15673023 0.15272659 0.071454766 -0.4166181 -0.043305735 0.64271216 0.02903022 -0.13533204 -0.14241152 0.48494875 0.077516592 -0.67384305 0.28098703 -0.23547768 -0.40077958 -0.52958614 -0.38214977 -0.10885635 0.586208 0.20155482 0.37905631 0.41472952 0.38341658 -0.20524998 -0.22819596 0.2112476 -0.28749145 -0.47115082 -0.34070031 -0.35449663 0.19465531 -0.086829006 0.61635728 -1.1474005 -0.38080671 0.20367132 0.46675725 -0.19149091 -0.75471446 -0.08139209 -0.23033354 -0.78488455 0.093175638 0.38837713 0.2965619 -0.67469757 0.35575362 0.22503651 -0.20074357 -0.42652815 -0.0065724771 0.44135516 0.35622034 0.056233975 0.61777918 0.097035952 0.54720517 0.13813431 0.09577227 0.69728729 -0.44315276 0.17634527 -0.45570299 -0.014701625 -0.17071086 -0.1851938 -0.11491369 0.26002518 -0.8966079 0.18783188 -0.046473396 0.5106712 -0.12742027 -0.47014039 -0.26046299 0.16811389 0.7569696 0.53547094 -1.4678989 -0.50518451 -0.33397909 -0.35355182 0.29607894 -0.56758192 0.55172514 0.26449667 -0.13345866 0.481164 0.53267798 0.21505723 0.25246369 -0.12306975 0.97580461 -0.090306961 0.40857704 0.030704882 -0.258006 -0.23600616 0.69622213 0.19781822 -0.0032178606 0.38871776 0.26769518 0.25230997 -0.057527746 -0.51845472 -0.1854243 0.21367644 -0.087633675 -0.18110374 -0.22846999 -1.5715155 0.028173134 0.67114389 0.032980021 0.76263338 -0.27202235 0.14776913 -0.14385755 0.38705466 -0.17890389 0.31948777 1.0323007 -0.18499206 0.0814248 -0.28626985 -0.056790906 0.10068727 -0.24776873 -0.062965731 0.08502613 0.52443109 -0.19880196 0.24623328 -0.47437352 0.37918594 0.44622957 -0.22203853 0.3864737 0.60329886 0.27250912 0.12302793 -1.0991364 -0.039112328 0.02957495 -0.54835267 -0.72437351 -0.81447565 -0.086819655 -0.11636976 -0.14810414 0.67031498 0.12617153 -0.018475024 0.049021567 0.14799266 0.18659368 0.44709875 0.23955309 -0.1287086 0.13844187 0.15995088 0.26763448 0.18299887 -0.051346875 0.18802823 -0.21306296 -0.37142607 -0.26278023 -0.62959394 0.36178977 0.67037116 0.19657828 0.39165856 -0.11175182 -0.080743835 -0.40817165 0.28439751 0.44753851 -0.071646678 0.25282584 -0.55439054 -0.090170756 0.30166414 0.19385395 0.20293018 0.23434458 -0.78041738 0.07396632 0.38560936 -0.59940495 -0.20154047 0.55867829 -0.1934028 0.20559945 -0.27638344 0.25790036 0.032837751 -0.1953983 -0.032909881 0.47006328 -0.35256925 0.33088388 0.1363728 0.35021046 0.52403405 -0.29769296 0.26719647 0.1057606 -0.30168736 0.39114645 0.30087478 -0.37842372 0.63283264 -0.15511776 -0.3415316 0.012392787 0.28141495 0.38121932 0.53067794 0.28932611 0.24300251 0.52230609 0.13483821 -0.56372421 -0.018759895 0.58537018 -0.45980728 -0.75348295 -0.39829665 0.036803796 0.54798509 -0.044548795 0.025593595 -0.81986671 -0.5842124 0.48817156 -0.073784803 0.52323624 0.3252474 0.077447091 -0.11254684 0.13265641 0.10176425 0.11670963 0.32173289 -0.27360594 0.0055580045 -0.32530539 -0.13328273 -0.32108496 0.38782273 -0.41782336 0.39875413 0.53129714 -0.14880928 0.14791025 -0.025235854 0.18927639 -0.79932212 0.14536736 0.75371654 0.009790616 0.10865452 0.55931636 0.076687648 -0.17737592 1.2408925 0.017539023 -0.08312466 -0.038171211 0.02174912 0.40225484 -0.17401183 0.065801802 0.22316264 0.042361275 0.43489366 0.2195485 0.6745573 -0.51871854 -0.0074432217 -0.29228177 -0.30134267 0.32638671 -0.16050837 0.041726692 -0.11503336 -0.088204636 0.31982188 -0.1232822 -0.43159036 0.098778818 -0.33835583 -0.37400948 0.4118454 -0.10131097 0.79889101 0.2379402 -0.13721965 -0.32644456 0.06746049 -0.0097684889 -0.31906266 0.09295646 -0.034741742 -0.22201866 0.12588998 0.53565258 -0.55671983 -0.076276189 0.71662196 0.12291007 -0.25258855 0.30615275 0.053979232 -0.0068500293 0.13093052 0.17283926 -0.51588833 0.26035847 0.28415207 0.59767074 0.079602876 -0.1981176 -0.19586007 -0.21157608 0.052943667 -0.37142307 -0.55495411 0.27024082 -0.035761795 -0.10282936 -0.027842572 -0.25462547 0.022687931 -0.35600302 0.13538963 0.011627982 -0.33221614 0.34951821 0.35693802 0.17826882 -0.51653177 -0.13553375 -0.48391171 0.6883559 -0.063582747 -0.4827022 0.26504351 -0.5250959 0.40076289 0.19938025 0.67314451 0.60144686 0.19568592 -0.35816822 0.62714527 0.305932 0.069298988 0.25315024 0.14941103 -0.14881319 -0.46289997 -0.35761688 0.30316486 0.65840804 -0.12351913 0.1046981 -0.25551775 0.020474506 -0.32713592 -0.05944975 -0.06775513 0.31715945 -0.3749429 -0.40938613 -0.086644013 -0.19399742 -0.47456932 0.1662144 0.76689096 0.23158134 0.44785004 -0.34362612 -0.37794532 0.53540149 0.26812459 -0.22266052 -0.30700881 0.008691785 -0.060840903 0.1322127 -0.014967583 -0.42996339 0.081194826 0.044081655 -0.14434362 -0.0085441469 0.0048091996 0.37762559 0.33212856 -0.47391716 -0.019547539 0.3160057 -0.19442257 -0.15479136 -0.138302 -0.018491368 0.34851225 -0.73799188 -0.47998045 0.24983428 0.47989568 0.52617717 0.5549142 0.33361384 -0.039740735 0.37946002 -0.093844866 0.0018933004 0.054086393 0.13362693 -0.030992686 0.0045948667 0.18490838 0.31269713 0.335971 -0.0056336963 0.50788218 0.40540363 -0.22950112 -0.73914552 -0.087818238 0.8983017 -0.061185394 1.0133015 0.10600996 -0.62396521 0.54669838 -0.45752417 0.79932477 -0.086794159 -0.25227335 0.017248777 -0.25225876 0.22298521 0.35403932 -0.047027363 0.11951119 -0.032769437 -0.75651134 0.66606958 -0.10352237 0.095143957 -0.083198548 -0.12072969 -0.16123913 -0.59097729 0.36513075 0.5009833 0.20959455 0.13908983 0.099189487 -0.0052914651 1.0985956 -0.07432749 -0.19440041 0.77898114 0.37596759 0.61666243 0.26389213 -0.17991867 0.91600728 0.14802432 0.0055404423 -0.22422625 -0.55603558 0.34447284 0.13228738 0.84603116 0.61979405 -0.41842024 0.12730882 0.25884038 0.71089944 0.38868565 -0.58153483 0.21150282 0.89106269 -0.075441177 0.3640705 -0.52881992 0.15309034 -0.077675883 -0.694777 0.42800436 0.34839751 -0.65753552 0.25466766 0.039262635 -0.44147409 -0.012132348 -0.43123139 0.16494858 0.40710253 0.55107698 0.33809471 0.289001 -0.046696512 -0.61227695 -0.34785186 -0.37941344 0.12977689 0.45463504 -0.55193496 -0.012586199 -0.37643794 -0.27476906 0.25529613 0.64194847 0.47183885 -0.29881689 -0.096186195 -0.49895147 -0.54822199 -0.077239545 -0.17148015 -0.026482944 -0.12512679 -0.35030904 -0.18863161 0.17021564 -0.042329378 0.45387056 -0.064930195 -0.53853912 0.33087242 0.42162106 0.25329006 0.18339083
-0.1531702 0.18771572 0.16847222 0 -0.053947983 0.18507536 -0.079964518 0.27861424 0.16769292 0.22085771 0.321315 0.00062699322 0.39111407 -0.1288363 0.35919896 0.1616262 0.19115887 -0.16343762 0.30889904 0.16187797 0.056509825 0.13997953 -0.12314958 0.14453648 -0.13534842 -0.13831144 0.30609129 0.22270673 0.46195306 0.30720267 -0.070331384 0.30038035
# layer 1
32 3 softmax
-0.0080238471 -0.04539103 -0.19956778 0.03964022 -0.39521718 -0.82804051 0.50067877 -0.72280561 -0.10916427 0.43843181 0.39131535 -0.20913239 0.54362999 0.018239318 -0.50454168 -0.7565389 -0.67038162 0.39115995 -0.51624484 -0.16676163 0.52587098 0.27265972 0.4207281 -0.38845864 0.19750868 0.1759754 -1.033636 -0.49210643 0.63291455 -0.48260012 0.10871918 0.39370935 -0.058797416 -0.16770404 0.43321003 -0.53618351 1.8833874 0.10639657 0.49211288 0.42364199 -0.44182397 -0.13650852 -0.71802861 0.63205454 -0.64942591 -0.13786968 -0.018546772 0.54540895 0.49003138 0.33129625 0.081999112 -0.82762934 0.075483805 -0.63830984 -0.010260822 0.35759704 -0.24736742 -0.42089628 -0.14864271 0.44987114 -0.50804845 0.54263116 -0.40942287 -0.38446986 -0.17390907 0.49515679 0.23726948 -0.33877563 -1.1886413 -0.26540907 -0.48652478 0.2960539 1.4382632 -0.28675109 -0.20272196 0.34173718 0.62044973 -0.23715272 0.90068485 0.13994416 -0.067072048 -0.18337711 0.60217938 0.45259571 -0.21403619 0.78043054 -0.10718684 0.30684455 0.12193701 -0.14347984 0.35973304 0.085975474 0.79110353 0.23719658 0.34229618 -0.54467338
0.30748599 -0.19468438 0.053397885
